198	0
778	0
981	0
1981	0
2118	0
3676	0
4739	0
6276	0
10006	0
10060	0
10631	0
10674	0
10914	0
11940	0
11974	0
12721	0
12798	0
12923	0
13203	0
13783	0
13812	0
13907	0
14463	0
14678	0
14694	0
14834	0
14915	0
14933	0
15007	0
15427	0
15491	0
15613	0
15770	0
15826	0
16039	0
16260	0
16383	0
16790	0
16960	0
16977	0
17134	0
17197	0
17493	0
17920	0
18120	0
18249	0
18311	0
18332	0
18400	0
18404	0
18661	0
18841	0
18893	0
19083	0
19121	0
19416	0
19631	0
19829	0
19844	0
19854	0
19926	0
20053	0
20130	0
20504	0
20628	0
20682	0
20847	0
20876	0
20935	0
21667	0
22171	0
23490	0
23726	0
23812	0
23905	0
23966	0
25033	0
26379	0
26600	0
27154	0
27947	0
29157	0
29465	0
29628	0
29882	0
29992	0
30441	0
30724	0
31261	0
34082	0
35968	0
36367	0
37038	0
38088	0
38427	0
38429	0
38451	0
38511	0
38587	0
38770	0
38813	0
38877	0
39459	0
39554	0
39571	0
39589	0
39590	0
39642	0
39903	0
39941	0
39942	0
40110	0
40335	0
40827	0
40911	0
40917	0
40918	0
40924	0
40976	0
41629	0
41705	0
41708	0
41968	0
42010	0
42207	0
42246	0
42271	0
42273	0
42310	0
42397	0
42421	0
42457	0
42476	0
42695	0
42746	0
42826	0
42987	0
43009	0
43026	0
43027	0
43073	0
43082	0
43272	0
43472	0
43633	0
43648	0
43662	0
43788	0
43807	0
43866	0
43898	0
43918	0
44123	0
45250	0
45291	0
45572	0
45607	0
45687	0
45864	0
46113	0
46350	0
46374	0
46423	0
46556	0
46567	0
47141	0
47156	0
47197	0
47423	0
47432	0
47756	0
47797	0
48071	0
48213	0
48233	0
48276	0
48305	0
48464	0
48568	0
48574	0
48747	0
48768	0
49043	0
49093	0
49100	0
49127	0
49142	0
49182	0
49267	0
49588	0
49677	0
49701	0
49909	0
49960	0
50007	0
50043	0
50204	0
51574	0
51612	0
52072	0
52442	0
52903	0
53814	0
54002	0
54035	0
54424	0
54427	0
54594	0
54669	0
54781	0
54874	0
54899	0
54978	0
54987	0
55006	0
55026	0
55042	0
55064	0
55191	0
55271	0
55302	0
55304	0
55670	0
55689	0
55741	0
55800	0
55808	0
55825	0
55854	0
55894	0
55926	0
56222	0
56580	0
56619	0
56636	0
56902	0
57561	0
57931	0
58135	0
58597	0
58705	0
58766	0
59024	0
59137	0
59434	0
59450	0
59468	0
59733	0
60181	0
60977	0
61050	0
61081	0
61253	0
61324	0
61366	0
62838	0
63185	0
63201	0
63768	0
65722	0
67887	0
67952	0
68010	0
69925	0
70283	0
70927	0
71009	0
71360	0
71415	0
72190	0
72355	0
72362	0
72390	0
73910	0
74181	0
75558	0
76199	0
76668	0
78185	0
78831	0
79324	0
79343	0
79386	0
79479	0
79570	0
80000	0
80137	0
80421	0
80596	0
80895	0
81315	0
82520	0
82681	0
83963	0
86793	0
87263	0
87399	0
87583	0
87798	0
87950	0
87990	0
89298	0
89532	0
89638	0
89702	0
89733	0
89746	0
89860	0
89891	0
89926	0
90008	0
90636	0
91423	0
91866	0
92022	0
93070	0
93319	0
93395	0
94521	0
95976	0
96257	0
96478	0
96682	0
96729	0
97001	0
97002	0
97211	0
97301	0
97343	0
97510	0
97551	0
97702	0
97706	0
97710	0
97909	0
98039	0
98487	0
98634	0
98927	0
99272	0
99284	0
99299	0
99306	0
99588	0
99677	0
99695	0
99861	0
99987	0
100085	0
100452	0
100582	0
100604	0
100633	0
100653	0
100712	0
100889	0
100915	0
101047	0
101074	0
101076	0
101113	0
101122	0
101286	0
101288	0
101466	0
101508	0
101514	0
101715	0
101727	0
101795	0
101894	0
101938	0
102026	0
102104	0
102198	0
102276	0
102367	0
102563	0
102728	0
102744	0
102768	0
102824	0
103046	0
103055	0
103067	0
103183	0
103206	0
103352	0
103436	0
103444	0
103554	0
103575	0
103582	0
103625	0
103639	0
103644	0
103694	0
103847	0
103908	0
103914	0
103934	0
104015	0
104033	0
104097	0
104146	0
104196	0
104302	0
104321	0
104412	0
104662	0
104848	0
104955	0
105275	0
105390	0
105477	0
105705	0
105734	0
105736	0
105794	0
105860	0
106142	0
106463	0
107073	0
107075	0
107123	0
107253	0
107277	0
107281	0
107364	0
107409	0
107583	0
107674	0
107811	0
107921	0
107999	0
108025	0
108089	0
108107	0
108116	0
108144	0
108213	0
108228	0
108248	0
108253	0
108427	0
108478	0
108725	0
108742	0
108776	0
109171	0
109407	0
109538	0
109607	0
109676	0
109733	0
109800	0
109840	0
110074	0
110238	0
110407	0
110418	0
110605	0
110637	0
110640	0
110960	0
111115	0
111192	0
111231	0
111460	0
111500	0
111814	0
112027	0
112074	0
112132	0
112201	0
112376	0
112463	0
112513	0
112570	0
112585	0
112703	0
112813	0
112857	0
112918	0
113233	0
113236	0
113267	0
113840	0
114256	0
114694	0
114733	0
114859	0
115163	0
115396	0
115556	0
115622	0
115674	0
115679	0
115870	0
116288	0
116643	0
117112	0
117127	0
117220	0
117238	0
117285	0
117306	0
117400	0
117462	0
117480	0
118522	0
118530	0
118591	0
118920	0
119073	0
119095	0
119096	0
119549	0
119553	0
119618	0
119665	0
119813	0
120203	0
120213	0
120625	0
120787	0
120822	0
120883	0
120965	0
121490	0
122024	0
122025	0
122228	0
122246	0
122301	0
122653	0
123075	0
123086	0
123227	0
124819	0
125311	0
125321	0
125526	0
126122	0
126274	0
126422	0
127927	0
128149	0
128552	0
128672	0
128680	0
130243	0
130285	0
130382	0
130436	0
130463	0
130482	0
130487	0
130561	0
130621	0
131614	0
132112	0
132141	0
132151	0
132302	0
132319	0
132350	0
132368	0
132424	0
132450	0
132457	0
132598	0
132653	0
132791	0
132988	0
133172	0
133592	0
133618	0
133665	0
133899	0
134075	0
134133	0
134294	0
134296	0
135553	0
135696	0
135823	0
136566	0
136779	0
136871	0
137174	0
137492	0
137627	0
138182	0
138442	0
138447	0
138478	0
138677	0
138724	0
138877	0
138953	0
139280	0
139402	0
139469	0
139470	0
139544	0
139572	0
139678	0
139739	0
139756	0
139856	0
140278	0
140305	0
140396	0
140688	0
140714	0
140922	0
141074	0
141332	0
141371	0
142377	0
142518	0
142566	0
142594	0
142638	0
142641	0
142691	0
142693	0
142895	0
143878	0
144525	0
144705	0
144709	0
144843	0
144874	0
144946	0
145663	0
146482	0
146498	0
146598	0
146628	0
146673	0
146761	0
146764	0
146798	0
146799	0
146802	0
146838	0
146849	0
146881	0
146906	0
147103	0
147109	0
147148	0
147377	0
147401	0
147561	0
147586	0
147730	0
148041	0
148086	0
148524	0
148720	0
148741	0
148840	0
148886	0
149078	0
149163	0
149385	0
149412	0
149527	0
149529	0
149597	0
149669	0
149742	0
149898	0
149934	0
149973	0
150333	0
150365	0
150401	0
150448	0
150532	0
150699	0
151058	0
151446	0
151587	0
151650	0
151652	0
151842	0
151855	0
151862	0
151883	0
151970	0
152112	0
152253	0
152416	0
152528	0
152614	0
152644	0
153097	0
153361	0
153374	0
153650	0
153782	0
154587	0
155679	0
155702	0
155769	0
155915	0
156802	0
157246	0
157817	0
157883	0
158092	0
158389	0
158894	0
159004	0
159520	0
159719	0
159888	0
163267	0
163409	0
163726	0
163782	0
163933	0
163934	0
165717	0
165875	0
166114	0
166153	0
166159	0
166296	0
166298	0
166438	0
166921	0
166955	0
166994	0
167035	0
167521	0
167719	0
167871	0
167968	0
168136	0
168854	0
168957	0
169482	0
170101	0
170492	0
170664	0
171623	0
171754	0
171759	0
172342	0
172917	0
173144	0
173527	0
173873	0
174076	0
174132	0
174933	0
175759	0
175919	0
175990	0
176227	0
176635	0
176802	0
177160	0
177626	0
177778	0
178616	0
178956	0
178977	0
179017	0
179222	0
179254	0
179316	0
179318	0
179824	0
179927	0
181143	0
181198	0
181449	0
182913	0
183355	0
183884	0
184255	0
185330	0
186346	0
186447	0
186690	0
186691	0
186716	0
187084	0
187099	0
187201	0
187671	0
188045	0
188055	0
190024	0
190047	0
191475	0
192408	0
192974	0
194128	0
194980	0
196264	0
196266	0
1802	1
3459	1
11647	1
13057	1
14291	1
14741	1
15288	1
15393	1
16332	1
18706	1
19308	1
19761	1
21440	1
22164	1
25993	1
27051	1
27190	1
27736	1
30935	1
38118	1
38148	1
38177	1
38804	1
41339	1
42145	1
42897	1
43347	1
43540	1
46487	1
48539	1
48633	1
48635	1
48652	1
48704	1
48710	1
48765	1
48777	1
49994	1
50510	1
52012	1
57736	1
60012	1
68264	1
68669	1
69081	1
69734	1
71586	1
79652	1
80058	1
81029	1
83696	1
93312	1
96546	1
99369	1
99416	1
99460	1
99469	1
99529	1
101843	1
103841	1
103873	1
105637	1
105964	1
107298	1
107463	1
107645	1
107646	1
108261	1
108283	1
108334	1
108337	1
108699	1
109353	1
110757	1
111024	1
112217	1
112245	1
112945	1
112977	1
113071	1
113383	1
113497	1
113801	1
114506	1
115009	1
115918	1
121862	1
121869	1
122141	1
122156	1
122245	1
126731	1
127125	1
127126	1
127600	1
131454	1
133302	1
135046	1
140804	1
141819	1
142040	1
142102	1
142327	1
142364	1
142387	1
142456	1
142994	1
143727	1
144739	1
149636	1
152708	1
153742	1
158544	1
174361	1
175840	1
177554	1
179528	1
179529	1
188168	1
192255	1
194060	1
42	2
99	2
122	2
129	2
157	2
208	2
280	2
364	2
387	2
462	2
492	2
565	2
990	2
1116	2
1133	2
1209	2
1422	2
1490	2
1491	2
1708	2
1780	2
1843	2
1866	2
1873	2
1889	2
1899	2
1914	2
2314	2
2327	2
2502	2
2525	2
2560	2
2641	2
2642	2
2644	2
2674	2
2689	2
2731	2
2763	2
2791	2
2804	2
2832	2
2833	2
2865	2
3024	2
3061	2
3125	2
3132	2
3214	2
3246	2
3281	2
3283	2
3306	2
3417	2
3430	2
3451	2
3471	2
3520	2
3619	2
3669	2
3818	2
3830	2
3837	2
3853	2
3859	2
3878	2
3945	2
3998	2
4018	2
4053	2
4055	2
4120	2
4130	2
4222	2
4259	2
4284	2
4332	2
4391	2
4413	2
4597	2
4720	2
4783	2
4882	2
4903	2
4908	2
4918	2
4998	2
5121	2
5255	2
5391	2
5550	2
5562	2
5664	2
5693	2
5694	2
5696	2
5711	2
5790	2
6297	2
6356	2
6398	2
6454	2
6605	2
7066	2
7132	2
7150	2
7178	2
7323	2
7354	2
7389	2
7511	2
7544	2
7651	2
7689	2
7729	2
7838	2
7907	2
7921	2
7941	2
7963	2
8225	2
8270	2
8354	2
8488	2
8669	2
8772	2
8809	2
8825	2
8875	2
8884	2
8971	2
8974	2
8978	2
8981	2
9032	2
9179	2
9302	2
9349	2
9469	2
9474	2
9560	2
9602	2
9630	2
9656	2
9658	2
9832	2
10177	2
10273	2
10399	2
10405	2
10534	2
10817	2
11046	2
11069	2
11153	2
11171	2
11174	2
11183	2
11229	2
11260	2
11370	2
11400	2
11420	2
11423	2
11560	2
11585	2
11687	2
11794	2
11897	2
12081	2
12389	2
12403	2
12660	2
12833	2
12897	2
12995	2
13031	2
13116	2
13263	2
13316	2
13601	2
13674	2
13763	2
13885	2
14226	2
14537	2
14606	2
15102	2
15118	2
15565	2
15599	2
15671	2
15798	2
15962	2
16096	2
16241	2
16259	2
16429	2
16515	2
16614	2
16785	2
17771	2
18059	2
18213	2
18513	2
18650	2
18698	2
18943	2
18974	2
19113	2
19169	2
19213	2
19442	2
19504	2
19524	2
19606	2
19627	2
19892	2
19904	2
20168	2
20169	2
20573	2
20586	2
20989	2
21307	2
21663	2
21696	2
21988	2
22071	2
22078	2
22080	2
22144	2
22388	2
22474	2
22791	2
22796	2
22855	2
22886	2
23114	2
23147	2
23207	2
23282	2
23311	2
23401	2
23427	2
23460	2
23521	2
23681	2
24119	2
24172	2
24920	2
25426	2
25454	2
25465	2
25510	2
25534	2
25695	2
25791	2
26223	2
26227	2
26286	2
26292	2
26348	2
26581	2
26590	2
26785	2
26882	2
26920	2
26964	2
26991	2
27050	2
27113	2
27158	2
27195	2
27260	2
27402	2
27783	2
27849	2
27959	2
28197	2
28248	2
28319	2
28347	2
28408	2
28495	2
28558	2
28615	2
28616	2
28747	2
28769	2
28826	2
28830	2
28895	2
28896	2
29005	2
29176	2
29310	2
29515	2
29534	2
29678	2
29787	2
30154	2
30160	2
30182	2
30435	2
31256	2
31316	2
31354	2
31446	2
31532	2
31594	2
31620	2
31634	2
31744	2
31772	2
31883	2
32117	2
32144	2
32145	2
32239	2
32265	2
32274	2
32434	2
32481	2
32504	2
32701	2
32724	2
32735	2
32776	2
32882	2
32901	2
32979	2
32980	2
33084	2
33179	2
33199	2
33304	2
33315	2
33418	2
33485	2
33503	2
33615	2
33635	2
33696	2
33712	2
33987	2
34044	2
34050	2
34071	2
34212	2
34257	2
34300	2
34305	2
34348	2
34378	2
34427	2
34446	2
34509	2
34522	2
34566	2
34651	2
34658	2
34673	2
34701	2
34800	2
35417	2
35568	2
35583	2
35641	2
35800	2
35909	2
35916	2
36026	2
36122	2
36205	2
36287	2
36395	2
36428	2
36569	2
36624	2
36722	2
37087	2
37278	2
37380	2
37601	2
37649	2
37699	2
37867	2
37879	2
37903	2
37928	2
37934	2
38307	2
38334	2
38384	2
38778	2
38995	2
39033	2
39037	2
39047	2
39136	2
39444	2
39450	2
39506	2
39510	2
39690	2
39695	2
40515	2
40529	2
40633	2
41014	2
41121	2
41141	2
41183	2
41250	2
41389	2
41448	2
41520	2
41688	2
41817	2
41836	2
41934	2
42072	2
42566	2
42607	2
42725	2
42836	2
43239	2
43435	2
43720	2
43947	2
44182	2
44218	2
44326	2
44335	2
44348	2
44408	2
44409	2
44410	2
44446	2
44599	2
44664	2
44696	2
44706	2
44718	2
44812	2
44821	2
45122	2
46273	2
46437	2
46468	2
46883	2
47250	2
47266	2
47269	2
47488	2
47612	2
47782	2
47911	2
47925	2
48013	2
48080	2
48600	2
48653	2
48825	2
48875	2
48885	2
49154	2
49271	2
49338	2
49348	2
49350	2
49409	2
49490	2
49494	2
49571	2
49607	2
49750	2
49759	2
49794	2
49838	2
49856	2
50074	2
50399	2
50446	2
50447	2
50503	2
50618	2
51165	2
51425	2
51434	2
51530	2
51894	2
51903	2
52177	2
52485	2
52554	2
52557	2
52709	2
52826	2
53390	2
53588	2
53618	2
54087	2
54343	2
54352	2
54975	2
55384	2
55570	2
55993	2
56088	2
56279	2
56520	2
56970	2
57794	2
57999	2
58029	2
58140	2
58214	2
58904	2
59030	2
60003	2
60781	2
60940	2
61343	2
62133	2
62878	2
63591	2
63773	2
64255	2
64624	2
64667	2
64970	2
64971	2
65237	2
65238	2
65256	2
65312	2
65357	2
65403	2
65572	2
66031	2
66129	2
66210	2
66549	2
66604	2
66757	2
66919	2
66965	2
67021	2
67325	2
67348	2
67839	2
68085	2
68207	2
68407	2
68412	2
68491	2
68747	2
69074	2
69137	2
69231	2
69311	2
69324	2
69362	2
69381	2
69409	2
69441	2
69444	2
69684	2
69740	2
69814	2
69857	2
69921	2
69996	2
70387	2
70528	2
70802	2
70857	2
71036	2
71142	2
71361	2
71977	2
72315	2
72442	2
72450	2
72596	2
72987	2
73075	2
73324	2
73397	2
73580	2
73767	2
73963	2
74120	2
74228	2
74393	2
74611	2
75113	2
75640	2
75642	2
76407	2
76435	2
76549	2
76578	2
76659	2
76790	2
77673	2
77753	2
77919	2
77932	2
78079	2
78253	2
78677	2
78817	2
79003	2
79140	2
79153	2
79286	2
79712	2
80310	2
80592	2
80736	2
81200	2
81290	2
81404	2
81996	2
82245	2
82332	2
82967	2
83054	2
83150	2
83179	2
83214	2
83238	2
83717	2
83721	2
84248	2
84465	2
84567	2
84685	2
84994	2
85081	2
85147	2
85343	2
85800	2
86534	2
86603	2
88177	2
88271	2
88298	2
90586	2
91033	2
91283	2
91951	2
92590	2
92604	2
92748	2
93022	2
93425	2
93581	2
93794	2
94074	2
94294	2
94389	2
94753	2
95134	2
95870	2
96907	2
97797	2
98599	2
99132	2
99596	2
100101	2
100152	2
100167	2
100233	2
100413	2
101270	2
101761	2
101959	2
102121	2
102173	2
102295	2
102601	2
102647	2
102682	2
102684	2
102798	2
103877	2
104074	2
104536	2
104557	2
105172	2
105432	2
105813	2
105920	2
105949	2
106436	2
106465	2
106503	2
106522	2
106560	2
106572	2
106575	2
106627	2
106686	2
106735	2
106781	2
106807	2
106864	2
106938	2
106958	2
106987	2
107602	2
107717	2
107719	2
107898	2
107916	2
108046	2
108081	2
108445	2
108817	2
108948	2
109083	2
109225	2
109270	2
109550	2
109561	2
109690	2
109950	2
110020	2
110178	2
110192	2
110372	2
110537	2
110551	2
110558	2
110769	2
110899	2
110958	2
111091	2
111285	2
111589	2
111652	2
112185	2
113024	2
113502	2
113564	2
113628	2
113655	2
113844	2
113956	2
113963	2
114267	2
114368	2
114414	2
114456	2
114468	2
114538	2
114776	2
114778	2
114795	2
114878	2
114931	2
114969	2
115042	2
115121	2
115280	2
115774	2
115972	2
116216	2
116356	2
116657	2
116714	2
116724	2
116819	2
116842	2
116908	2
117010	2
117050	2
117704	2
117728	2
117816	2
117860	2
118044	2
118193	2
118306	2
118407	2
118468	2
118710	2
118746	2
118914	2
119006	2
119084	2
119118	2
119313	2
119453	2
119500	2
119594	2
119600	2
119641	2
119676	2
119697	2
119839	2
120187	2
120474	2
120494	2
120561	2
120592	2
120648	2
120703	2
121077	2
121098	2
121307	2
121371	2
121473	2
121482	2
121690	2
122243	2
122366	2
122508	2
122537	2
122615	2
122847	2
123002	2
123041	2
123055	2
123215	2
123332	2
123391	2
123489	2
123639	2
123713	2
123789	2
123872	2
123903	2
123968	2
124022	2
124170	2
124208	2
124226	2
124240	2
124324	2
124328	2
124387	2
124409	2
124440	2
124459	2
124478	2
124726	2
124880	2
124915	2
124919	2
124931	2
124942	2
124983	2
125027	2
125154	2
125163	2
125186	2
125200	2
125345	2
125426	2
125443	2
125458	2
125479	2
125562	2
125652	2
125823	2
125844	2
125849	2
125866	2
125984	2
126205	2
126242	2
126256	2
126328	2
126387	2
126476	2
126702	2
126706	2
126898	2
126976	2
127100	2
127258	2
127312	2
127505	2
127902	2
128004	2
128239	2
128256	2
128610	2
128721	2
128767	2
129016	2
129471	2
129496	2
131377	2
131995	2
132483	2
132728	2
132871	2
132948	2
133563	2
133671	2
133678	2
134805	2
136074	2
136110	2
136505	2
137436	2
137829	2
137882	2
137925	2
138039	2
138261	2
139162	2
139361	2
139801	2
139807	2
141159	2
141283	2
141352	2
141493	2
141781	2
142144	2
142467	2
142507	2
143040	2
143041	2
143209	2
143234	2
143454	2
145098	2
145254	2
145633	2
145761	2
146319	2
147035	2
147874	2
148234	2
148374	2
149740	2
149827	2
150124	2
151430	2
151696	2
152085	2
152296	2
152423	2
152688	2
152793	2
152804	2
152813	2
152899	2
152987	2
153282	2
153318	2
153328	2
153355	2
153372	2
153477	2
153567	2
153821	2
154083	2
154202	2
154683	2
155935	2
156102	2
156116	2
156556	2
156895	2
157004	2
157192	2
157511	2
157721	2
157780	2
157801	2
157899	2
157999	2
158020	2
158240	2
158509	2
158652	2
158839	2
159135	2
159295	2
159436	2
159821	2
159912	2
159959	2
160498	2
160778	2
165589	2
167536	2
167568	2
168459	2
168625	2
169878	2
171547	2
172178	2
173541	2
173969	2
175748	2
177842	2
178101	2
178117	2
178172	2
178625	2
179193	2
179265	2
179441	2
179556	2
179594	2
179831	2
181792	2
181804	2
183654	2
184528	2
185595	2
185677	2
187356	2
188847	2
189044	2
189252	2
189404	2
189442	2
190077	2
190185	2
190452	2
191006	2
191866	2
192752	2
194287	2
194547	2
194688	2
1572	0
1656	0
1729	0
2113	0
2119	0
2387	0
4314	0
4650	0
4964	0
5893	0
6660	0
6664	0
6853	0
6855	0
6902	0
7018	0
8233	0
8314	0
9333	0
9987	0
10075	0
10079	0
10102	0
10134	0
10135	0
10602	0
10608	0
10625	0
10691	0
10703	0
10866	0
11925	0
13741	0
13750	0
13990	0
14081	0
14204	0
14450	0
14589	0
15109	0
15387	0
15411	0
15447	0
15608	0
15789	0
15864	0
16126	0
16251	0
16550	0
16822	0
16913	0
17154	0
17507	0
17560	0
17569	0
17628	0
17814	0
17861	0
17998	0
18230	0
18416	0
18641	0
18647	0
18716	0
18728	0
18751	0
18894	0
18906	0
19093	0
19095	0
19105	0
19130	0
19302	0
19419	0
19532	0
19782	0
19813	0
19880	0
20129	0
20132	0
20260	0
20819	0
21136	0
21424	0
23307	0
23360	0
23422	0
23878	0
24116	0
24574	0
25017	0
25052	0
25064	0
26143	0
26315	0
26668	0
27005	0
27613	0
27816	0
28289	0
28316	0
28676	0
29383	0
29394	0
29495	0
29815	0
29898	0
30082	0
30468	0
30655	0
34420	0
35592	0
36341	0
36838	0
37115	0
37179	0
37377	0
37417	0
37917	0
38091	0
38392	0
38444	0
38483	0
38530	0
38544	0
38831	0
38839	0
39015	0
39298	0
39563	0
39609	0
39759	0
39809	0
40054	0
40120	0
40144	0
40211	0
40609	0
40818	0
40913	0
41453	0
41572	0
41879	0
41946	0
41980	0
42015	0
42025	0
42058	0
42077	0
42293	0
42352	0
42374	0
42411	0
42496	0
42663	0
42706	0
42818	0
42978	0
43018	0
43632	0
43897	0
44626	0
44956	0
44965	0
44966	0
44970	0
45215	0
45280	0
45674	0
45921	0
46654	0
46662	0
46747	0
48300	0
48304	0
48307	0
48525	0
48916	0
48964	0
48966	0
49076	0
49958	0
49982	0
50041	0
50227	0
50231	0
50572	0
52019	0
52058	0
52108	0
52420	0
52465	0
52468	0
52772	0
52902	0
52929	0
52990	0
53504	0
53573	0
53774	0
53936	0
54545	0
54637	0
54737	0
54815	0
54927	0
55025	0
55086	0
55209	0
55217	0
55274	0
55665	0
55798	0
55828	0
55830	0
56234	0
56245	0
56416	0
56421	0
56428	0
56697	0
56759	0
57120	0
57856	0
57926	0
58351	0
58359	0
58588	0
58948	0
59021	0
59153	0
59156	0
59162	0
59447	0
59448	0
59457	0
59533	0
59765	0
59975	0
60750	0
60845	0
60846	0
61284	0
61316	0
61334	0
61703	0
61717	0
61882	0
61948	0
63237	0
63518	0
63834	0
63922	0
64018	0
64475	0
64724	0
67998	0
68041	0
68631	0
69758	0
70966	0
71069	0
71516	0
72548	0
74005	0
74114	0
74174	0
75562	0
75879	0
77168	0
78142	0
78702	0
79953	0
80452	0
80521	0
80759	0
80771	0
81316	0
82249	0
82388	0
83555	0
84047	0
85272	0
85281	0
86781	0
86827	0
86930	0
87106	0
87116	0
87243	0
87289	0
87354	0
87371	0
87500	0
87525	0
88742	0
89024	0
89300	0
89585	0
89632	0
89640	0
89661	0
89684	0
89705	0
89720	0
89740	0
89766	0
89878	0
89956	0
89960	0
90002	0
90038	0
91101	0
91566	0
91775	0
92880	0
92900	0
93467	0
94548	0
94634	0
94826	0
94829	0
95345	0
95822	0
96605	0
96790	0
97466	0
97674	0
97855	0
97934	0
97943	0
98661	0
99000	0
99033	0
99693	0
99798	0
100023	0
100063	0
100265	0
100421	0
100539	0
100588	0
100646	0
100647	0
100651	0
100658	0
100671	0
100785	0
100863	0
100917	0
100961	0
101103	0
101291	0
101306	0
101373	0
101441	0
101442	0
101447	0
101475	0
101884	0
101915	0
101924	0
101939	0
102084	0
102102	0
102107	0
102123	0
102147	0
102420	0
102428	0
102562	0
102748	0
102751	0
102948	0
102954	0
103063	0
103162	0
103195	0
103297	0
103307	0
103308	0
103371	0
103398	0
103454	0
103455	0
103496	0
103574	0
103637	0
103703	0
103799	0
103807	0
103848	0
103884	0
103966	0
104035	0
104155	0
104159	0
104188	0
104332	0
104391	0
104423	0
104516	0
104534	0
104553	0
104567	0
104645	0
104686	0
104728	0
104853	0
105051	0
105221	0
105266	0
105320	0
105373	0
105388	0
105404	0
105410	0
105714	0
105759	0
105765	0
105775	0
105808	0
105819	0
105992	0
106026	0
106053	0
106071	0
106094	0
106177	0
106221	0
106370	0
106427	0
106456	0
106545	0
106566	0
106830	0
106834	0
106913	0
106916	0
106926	0
107038	0
107049	0
107134	0
107207	0
107222	0
107224	0
107288	0
107323	0
107385	0
107405	0
107421	0
107426	0
107479	0
107553	0
107566	0
107574	0
107605	0
107628	0
107753	0
107808	0
108128	0
108129	0
108142	0
108194	0
108223	0
108231	0
108458	0
108482	0
108551	0
108567	0
108610	0
108738	0
108823	0
108887	0
108927	0
108985	0
108987	0
109004	0
109052	0
109133	0
109143	0
109154	0
109169	0
109216	0
109217	0
109283	0
109331	0
109406	0
109408	0
109477	0
109516	0
109605	0
109672	0
109732	0
109798	0
109858	0
109955	0
110486	0
110610	0
110890	0
111067	0
111176	0
111281	0
111323	0
111419	0
111475	0
111485	0
111534	0
111551	0
111866	0
111905	0
111920	0
112015	0
112105	0
112182	0
112474	0
112591	0
112593	0
112625	0
112769	0
113110	0
113113	0
113138	0
113164	0
113205	0
113237	0
113282	0
113286	0
113289	0
113326	0
113678	0
113755	0
113947	0
114493	0
114736	0
114744	0
114769	0
115190	0
115372	0
115552	0
115583	0
116174	0
116574	0
116598	0
116607	0
117165	0
117213	0
117317	0
117319	0
117335	0
117382	0
117399	0
117424	0
117482	0
117487	0
117517	0
117519	0
117878	0
117931	0
117983	0
118282	0
118516	0
118525	0
119130	0
119203	0
119209	0
119625	0
119751	0
120136	0
120488	0
120502	0
121193	0
121493	0
121785	0
121879	0
121991	0
122015	0
122491	0
122503	0
122525	0
122639	0
122982	0
123213	0
123301	0
123813	0
124196	0
125405	0
125765	0
126133	0
126755	0
127203	0
127265	0
127609	0
127674	0
127816	0
127924	0
128994	0
129017	0
129311	0
129315	0
129588	0
129639	0
129681	0
129814	0
129817	0
129906	0
130138	0
130264	0
130451	0
130557	0
131416	0
131585	0
131595	0
131642	0
131689	0
131709	0
131725	0
131813	0
131915	0
131920	0
131932	0
132140	0
132144	0
132202	0
132208	0
132222	0
132223	0
132361	0
132396	0
132427	0
132447	0
132587	0
132588	0
132630	0
132737	0
132949	0
133010	0
133057	0
133410	0
133480	0
133692	0
133719	0
133764	0
133852	0
133901	0
133944	0
134044	0
134313	0
134914	0
134967	0
135111	0
135128	0
135453	0
135536	0
135627	0
135689	0
135847	0
135872	0
136008	0
136022	0
136224	0
136276	0
136491	0
136627	0
136634	0
137154	0
137173	0
137181	0
137224	0
137480	0
138387	0
138444	0
138461	0
138727	0
138752	0
138772	0
138843	0
138870	0
139046	0
139061	0
139152	0
139207	0
139268	0
139475	0
139481	0
139660	0
139676	0
140403	0
140519	0
140610	0
140759	0
140825	0
141259	0
141273	0
141692	0
142584	0
142637	0
142655	0
142746	0
142778	0
142784	0
142960	0
143190	0
143266	0
143268	0
143270	0
143283	0
143393	0
143399	0
143498	0
143511	0
143713	0
144322	0
144539	0
145166	0
145875	0
146216	0
146356	0
146688	0
146751	0
146884	0
146888	0
146988	0
147092	0
147098	0
147160	0
147179	0
147180	0
147313	0
147325	0
147341	0
147486	0
147575	0
147647	0
148030	0
148067	0
148087	0
148487	0
148768	0
148876	0
148908	0
148972	0
148992	0
149164	0
149199	0
149330	0
149761	0
149878	0
150069	0
150322	0
150363	0
150671	0
150925	0
150984	0
151035	0
151150	0
151435	0
151508	0
151628	0
151660	0
152198	0
152368	0
152384	0
152582	0
152593	0
152603	0
152633	0
152719	0
152731	0
152829	0
153018	0
153057	0
153058	0
153196	0
153275	0
153641	0
153857	0
155381	0
156921	0
157056	0
158588	0
159640	0
159862	0
160068	0
160701	0
161102	0
161598	0
162069	0
162080	0
162635	0
163150	0
163600	0
164254	0
164842	0
165790	0
165921	0
165973	0
166025	0
166035	0
166037	0
166055	0
166095	0
166237	0
166448	0
167827	0
167868	0
168383	0
168494	0
168585	0
168807	0
168886	0
169852	0
169950	0
169956	0
170215	0
170469	0
170632	0
171213	0
171565	0
171726	0
173336	0
173464	0
173578	0
174182	0
174496	0
177024	0
177037	0
177224	0
178981	0
178984	0
179025	0
179181	0
179217	0
179218	0
179334	0
179569	0
179587	0
179680	0
180069	0
181716	0
183706	0
183922	0
186359	0
186876	0
187263	0
187449	0
187471	0
187582	0
187659	0
188484	0
188540	0
188884	0
188989	0
189184	0
189505	0
189940	0
190748	0
191824	0
191848	0
192025	0
192350	0
192991	0
194157	0
194581	0
194739	0
195418	0
214	1
259	1
260	1
278	1
289	1
420	1
721	1
923	1
968	1
1031	1
1058	1
1195	1
1314	1
1582	1
1615	1
1887	1
1904	1
2167	1
2168	1
2335	1
2533	1
2618	1
2664	1
2705	1
2774	1
2794	1
2872	1
2889	1
2928	1
3036	1
3057	1
3065	1
3187	1
3213	1
3215	1
3251	1
3254	1
3266	1
3289	1
3375	1
3378	1
3458	1
3582	1
3597	1
3641	1
3691	1
3836	1
3840	1
3846	1
3860	1
3877	1
3882	1
4036	1
4109	1
4167	1
4196	1
4205	1
4254	1
4315	1
4348	1
4349	1
4382	1
4385	1
4526	1
4567	1
4629	1
4638	1
4665	1
4752	1
4810	1
5071	1
5093	1
5165	1
5178	1
5329	1
5341	1
5429	1
5461	1
5500	1
5560	1
5571	1
5608	1
5610	1
5625	1
5657	1
5662	1
5687	1
5742	1
5754	1
5851	1
5881	1
5967	1
6030	1
6075	1
6081	1
6239	1
6290	1
6355	1
6382	1
6385	1
6396	1
6422	1
6451	1
6472	1
6536	1
6570	1
6619	1
6681	1
6748	1
6910	1
6954	1
7312	1
7466	1
7472	1
7622	1
7638	1
7673	1
7900	1
8125	1
8411	1
8662	1
8864	1
8944	1
9013	1
9306	1
9367	1
9412	1
9423	1
9468	1
9498	1
9515	1
9608	1
9635	1
9714	1
9755	1
9829	1
9986	1
10109	1
10179	1
10203	1
10216	1
10267	1
10328	1
10465	1
10499	1
10653	1
10989	1
11021	1
11063	1
11072	1
11086	1
11090	1
11323	1
11521	1
11591	1
11944	1
12068	1
12131	1
12227	1
12536	1
12599	1
13022	1
13101	1
13123	1
13274	1
13284	1
13412	1
13413	1
13427	1
13488	1
13547	1
14455	1
14490	1
14762	1
14770	1
14775	1
15165	1
15266	1
15417	1
15514	1
15708	1
16179	1
16254	1
16330	1
16390	1
16431	1
16720	1
17071	1
17139	1
17617	1
17990	1
18129	1
18172	1
18440	1
18500	1
18551	1
18747	1
18961	1
19006	1
19235	1
19643	1
19676	1
19858	1
20210	1
20221	1
21564	1
22030	1
22082	1
22083	1
22085	1
22148	1
22265	1
22302	1
22526	1
22575	1
22598	1
22696	1
22723	1
22771	1
22788	1
22801	1
22834	1
22979	1
23062	1
23417	1
23605	1
23663	1
23863	1
24019	1
24060	1
24099	1
24315	1
24318	1
24500	1
24860	1
24867	1
25167	1
25236	1
25343	1
25370	1
25651	1
25890	1
25896	1
26159	1
26212	1
26442	1
26527	1
26543	1
26760	1
26888	1
27139	1
27234	1
27350	1
27470	1
27487	1
27652	1
27852	1
27935	1
28003	1
28037	1
28358	1
28428	1
28440	1
28457	1
28497	1
28555	1
28576	1
28649	1
28703	1
28803	1
28818	1
28821	1
28834	1
28939	1
29046	1
29161	1
29234	1
29254	1
29271	1
29300	1
29305	1
29426	1
29438	1
29461	1
29512	1
29721	1
29910	1
30009	1
30030	1
30077	1
30155	1
30803	1
31241	1
31294	1
31332	1
31369	1
31417	1
31512	1
31559	1
31576	1
31604	1
31619	1
31667	1
31701	1
31770	1
31817	1
31878	1
32178	1
32366	1
32372	1
32380	1
32381	1
32384	1
32394	1
32424	1
32426	1
32472	1
32548	1
32577	1
32628	1
32640	1
32651	1
32962	1
32986	1
33029	1
33051	1
33306	1
33321	1
33329	1
33387	1
33496	1
33556	1
33672	1
34035	1
34095	1
34103	1
34137	1
34150	1
34154	1
34199	1
34265	1
34279	1
34366	1
34580	1
34628	1
34648	1
34682	1
34694	1
34788	1
35000	1
35075	1
35192	1
35285	1
35287	1
35305	1
35333	1
35801	1
35834	1
36003	1
36039	1
36056	1
36418	1
36747	1
36908	1
36958	1
37082	1
37238	1
37240	1
37424	1
37477	1
37835	1
37849	1
37897	1
37941	1
38009	1
38023	1
38066	1
38123	1
38314	1
38317	1
38319	1
38375	1
39004	1
39023	1
39258	1
39278	1
39375	1
39405	1
39699	1
39712	1
39719	1
39737	1
39767	1
39848	1
40064	1
40082	1
40262	1
40492	1
41135	1
41428	1
41474	1
41521	1
41548	1
41597	1
41647	1
41651	1
41668	1
41907	1
42497	1
42720	1
42923	1
43484	1
43593	1
43707	1
43844	1
43846	1
43852	1
43965	1
44039	1
44055	1
44213	1
44269	1
44325	1
44440	1
44474	1
44652	1
44743	1
44764	1
44921	1
45243	1
45757	1
46235	1
46256	1
46405	1
46644	1
46964	1
47292	1
47476	1
47518	1
48092	1
48146	1
48269	1
48520	1
48974	1
49211	1
49260	1
49303	1
49356	1
49400	1
49406	1
49417	1
49499	1
49507	1
49594	1
49626	1
49716	1
49782	1
49853	1
49880	1
49896	1
50423	1
51325	1
51355	1
51540	1
51610	1
51887	1
51954	1
52789	1
52805	1
52871	1
52891	1
52892	1
53054	1
53393	1
53637	1
53652	1
53697	1
54495	1
55074	1
55305	1
56001	1
56018	1
56030	1
56271	1
57759	1
57781	1
58042	1
58056	1
58063	1
58197	1
58231	1
58266	1
58506	1
58525	1
58758	1
58794	1
58928	1
59281	1
59388	1
59863	1
59927	1
59982	1
59984	1
60183	1
61012	1
61237	1
61374	1
61455	1
62266	1
62670	1
62693	1
62883	1
62967	1
63281	1
63366	1
63393	1
63532	1
63545	1
64508	1
64694	1
64908	1
65020	1
65072	1
65162	1
65180	1
65353	1
65437	1
65580	1
65659	1
65699	1
65904	1
66131	1
66225	1
66590	1
66765	1
66788	1
66796	1
66807	1
66872	1
66882	1
66946	1
67844	1
67938	1
68233	1
68497	1
68521	1
68876	1
69440	1
69443	1
69475	1
69505	1
69643	1
69868	1
69920	1
70242	1
70265	1
70862	1
70913	1
71113	1
71116	1
71127	1
71363	1
71901	1
71970	1
72034	1
72134	1
72370	1
72455	1
72495	1
72861	1
73100	1
73223	1
73229	1
73444	1
73497	1
73760	1
74006	1
74018	1
74217	1
74458	1
74575	1
74585	1
74627	1
74758	1
74851	1
74865	1
74867	1
74908	1
75144	1
75213	1
75241	1
75427	1
75564	1
75811	1
76153	1
76535	1
76639	1
76653	1
77540	1
77677	1
77736	1
77790	1
78004	1
78094	1
78172	1
78173	1
78439	1
78551	1
78563	1
78924	1
79032	1
79693	1
79760	1
80016	1
80730	1
80852	1
80864	1
80884	1
81059	1
81913	1
82084	1
82133	1
82172	1
82221	1
82268	1
82776	1
83164	1
83365	1
83447	1
83476	1
83639	1
84108	1
84229	1
84339	1
84581	1
84588	1
84739	1
85186	1
85443	1
85595	1
85661	1
85765	1
85865	1
85946	1
86078	1
86080	1
86091	1
86117	1
86183	1
86213	1
86316	1
88234	1
88270	1
88366	1
88369	1
88442	1
88538	1
88563	1
90158	1
90186	1
90220	1
90259	1
90292	1
90338	1
90490	1
90523	1
90806	1
90928	1
90991	1
91335	1
91337	1
92223	1
92634	1
92643	1
92738	1
93052	1
93127	1
93557	1
94215	1
94497	1
94665	1
94749	1
95030	1
95376	1
95562	1
97120	1
97759	1
98442	1
98818	1
99378	1
99381	1
99406	1
99669	1
99980	1
100054	1
100120	1
100177	1
100363	1
100415	1
100446	1
100494	1
100558	1
100696	1
100821	1
100886	1
101131	1
101394	1
101486	1
101691	1
101696	1
101752	1
101821	1
102017	1
102110	1
102125	1
102165	1
102169	1
102170	1
102222	1
102225	1
102233	1
102917	1
103218	1
103229	1
103875	1
103878	1
103895	1
103993	1
104043	1
104065	1
104143	1
104415	1
104421	1
105144	1
105167	1
105308	1
105580	1
105874	1
105879	1
105943	1
105951	1
106179	1
106233	1
106265	1
106433	1
106582	1
106583	1
106589	1
106603	1
106653	1
106704	1
106718	1
106880	1
106961	1
107020	1
107325	1
107711	1
107963	1
107982	1
108018	1
108048	1
108057	1
108442	1
108623	1
108821	1
108876	1
109104	1
109221	1
109307	1
109358	1
109373	1
109499	1
109504	1
109563	1
109688	1
109856	1
109985	1
110149	1
110180	1
110373	1
110515	1
110614	1
110762	1
111132	1
111177	1
111188	1
111288	1
111311	1
111383	1
111610	1
111937	1
112041	1
112162	1
112580	1
113062	1
113085	1
113444	1
113459	1
113487	1
113519	1
113537	1
113656	1
113702	1
113766	1
113837	1
113842	1
113917	1
113928	1
113996	1
114024	1
114055	1
114067	1
114080	1
114390	1
114434	1
114612	1
114720	1
115962	1
116097	1
116427	1
116502	1
116505	1
116790	1
116948	1
116958	1
116995	1
117154	1
117766	1
117827	1
117834	1
117938	1
117958	1
117986	1
118220	1
118251	1
118322	1
118341	1
118404	1
118405	1
118460	1
118610	1
118654	1
118707	1
118712	1
118742	1
118762	1
118945	1
118996	1
119026	1
119040	1
119219	1
119271	1
119474	1
119522	1
119536	1
119653	1
119720	1
119945	1
120080	1
120194	1
120346	1
120386	1
120435	1
120475	1
120588	1
120684	1
120686	1
120717	1
120851	1
120875	1
120942	1
121017	1
121299	1
121304	1
121309	1
121406	1
121449	1
121450	1
121462	1
121578	1
121969	1
122070	1
122309	1
122471	1
122550	1
122878	1
122895	1
123290	1
123671	1
123675	1
123732	1
123788	1
123796	1
123880	1
123941	1
124001	1
124067	1
124172	1
124332	1
124417	1
124455	1
124511	1
124517	1
124561	1
124617	1
124682	1
124683	1
124715	1
124716	1
124749	1
124781	1
124946	1
124971	1
125038	1
125040	1
125081	1
125220	1
125265	1
125346	1
125455	1
125515	1
125566	1
125648	1
125687	1
125738	1
125746	1
125907	1
125917	1
125967	1
126072	1
126208	1
126262	1
126272	1
126302	1
126457	1
126463	1
126563	1
126615	1
126700	1
126773	1
127193	1
127384	1
127390	1
127511	1
127647	1
127698	1
127958	1
128092	1
128176	1
128215	1
128221	1
128231	1
128233	1
128240	1
128466	1
128557	1
128655	1
128692	1
128734	1
128823	1
129019	1
129188	1
129214	1
129428	1
129516	1
129544	1
130154	1
130402	1
130742	1
131290	1
132489	1
132721	1
132921	1
132968	1
133295	1
133639	1
134229	1
134330	1
134590	1
134765	1
135076	1
136111	1
136200	1
137335	1
137374	1
137697	1
137791	1
137969	1
137976	1
138076	1
138113	1
138594	1
138634	1
139216	1
139605	1
139944	1
139981	1
140068	1
140638	1
141257	1
141267	1
141284	1
141605	1
142529	1
142627	1
142936	1
143136	1
143665	1
143924	1
145253	1
145859	1
146115	1
147741	1
147887	1
147937	1
148229	1
148343	1
149842	1
150129	1
150196	1
151370	1
151401	1
151694	1
151925	1
152006	1
152048	1
152353	1
152678	1
152783	1
152812	1
152863	1
152986	1
153309	1
153379	1
153504	1
153526	1
154113	1
155077	1
155350	1
155413	1
155815	1
156546	1
156565	1
156655	1
156662	1
156832	1
156880	1
156951	1
157350	1
157359	1
157377	1
157716	1
157958	1
158201	1
158282	1
158315	1
158516	1
158712	1
159105	1
159666	1
159699	1
159909	1
159979	1
162031	1
165571	1
166525	1
166666	1
166882	1
167102	1
168346	1
168619	1
168916	1
171545	1
176036	1
176433	1
176448	1
176526	1
176976	1
177243	1
178010	1
178081	1
178213	1
178776	1
179189	1
179287	1
179289	1
179309	1
179376	1
179432	1
179583	1
179642	1
179839	1
179990	1
180620	1
180723	1
180820	1
181287	1
181828	1
182684	1
183584	1
183594	1
185368	1
186629	1
187224	1
187249	1
188039	1
188804	1
189136	1
189981	1
190526	1
192133	1
194902	1
195570	1
924	2
2402	2
11713	2
12527	2
13180	2
14936	2
15635	2
19035	2
19211	2
19624	2
20010	2
21155	2
21328	2
23252	2
24155	2
26533	2
29023	2
30349	2
33305	2
37514	2
37576	2
38175	2
38302	2
40438	2
42712	2
46442	2
48330	2
48614	2
48651	2
48673	2
48691	2
48714	2
48780	2
48803	2
48810	2
49550	2
50543	2
60486	2
63047	2
66102	2
68974	2
76732	2
77118	2
85733	2
93646	2
93833	2
99330	2
101405	2
101858	2
102344	2
103169	2
103544	2
104215	2
104223	2
104226	2
104234	2
104714	2
104745	2
104987	2
104992	2
105115	2
105120	2
107472	2
108970	2
110271	2
110347	2
110847	2
112152	2
112215	2
112294	2
112726	2
113019	2
113419	2
113721	2
115006	2
115508	2
115917	2
119146	2
119149	2
121013	2
121467	2
121571	2
122035	2
122292	2
122832	2
123264	2
124395	2
129459	2
130197	2
131478	2
133923	2
136262	2
137069	2
137691	2
141398	2
141825	2
141940	2
142324	2
142325	2
142389	2
142411	2
145631	2
149339	2
149601	2
151623	2
151638	2
151987	2
153206	2
155525	2
157325	2
161920	2
175488	2
175692	2
176708	2
183158	2
185860	2
192048	2
196456	2
618	0
650	0
996	0
998	0
1270	0
5981	0
13035	0
13119	0
13191	0
13369	0
13800	0
13849	0
16099	0
16584	0
17610	0
17666	0
17902	0
18327	0
20483	0
20937	0
21592	0
21718	0
22153	0
22463	0
27833	0
29919	0
30400	0
39147	0
40133	0
40386	0
41307	0
41562	0
42621	0
42761	0
42814	0
42846	0
42895	0
43132	0
43373	0
43643	0
44830	0
47840	0
48483	0
48535	0
48679	0
48756	0
48775	0
48833	0
48874	0
52726	0
53369	0
57307	0
58216	0
64143	0
68405	0
68777	0
71713	0
72525	0
74317	0
77219	0
77348	0
77428	0
89536	0
91199	0
91501	0
95158	0
95159	0
95841	0
96956	0
99350	0
99422	0
103199	0
104028	0
104237	0
104438	0
106606	0
106751	0
108307	0
109062	0
110032	0
110042	0
110056	0
110629	0
110893	0
111618	0
112213	0
115408	0
115630	0
115637	0
121806	0
124306	0
130201	0
137021	0
141645	0
142460	0
144719	0
155527	0
156304	0
159755	0
161272	0
167949	0
170034	0
172695	0
185904	0
189312	0
190050	0
10	1
31	1
40	1
84	1
93	1
178	1
182	1
263	1
399	1
423	1
450	1
606	1
634	1
636	1
676	1
691	1
696	1
701	1
793	1
798	1
808	1
816	1
823	1
864	1
904	1
912	1
928	1
929	1
959	1
1039	1
1104	1
1169	1
1202	1
1214	1
1221	1
1237	1
1246	1
1297	1
1301	1
1303	1
1316	1
1321	1
1322	1
1330	1
1378	1
1390	1
1470	1
1527	1
1552	1
1556	1
1562	1
1588	1
1610	1
1680	1
1682	1
1702	1
1783	1
1789	1
1798	1
1814	1
1833	1
1888	1
1896	1
1933	1
1976	1
2052	1
2069	1
2112	1
2276	1
2295	1
2342	1
2365	1
2449	1
2497	1
2528	1
2555	1
2609	1
2620	1
2718	1
2778	1
2816	1
2856	1
2868	1
2891	1
2908	1
2929	1
3042	1
3046	1
3239	1
3286	1
3307	1
3356	1
3370	1
3411	1
3441	1
3445	1
3483	1
3581	1
3673	1
3746	1
3750	1
3767	1
3827	1
3885	1
4020	1
4176	1
4182	1
4212	1
4225	1
4290	1
4343	1
4352	1
4378	1
4399	1
4451	1
4523	1
4548	1
4593	1
4658	1
4674	1
4831	1
4878	1
4926	1
5015	1
5018	1
5123	1
5224	1
5302	1
5315	1
5512	1
5530	1
5544	1
5573	1
5799	1
5901	1
5923	1
5948	1
5949	1
6117	1
6164	1
6245	1
6262	1
6460	1
6480	1
6531	1
6597	1
6601	1
6662	1
6710	1
6721	1
6769	1
6906	1
7160	1
7246	1
7277	1
7293	1
7310	1
7338	1
7358	1
7451	1
7496	1
7525	1
7691	1
7696	1
7959	1
7989	1
7991	1
8024	1
8118	1
8207	1
8236	1
8246	1
8332	1
8341	1
8351	1
8473	1
8540	1
8630	1
8665	1
8674	1
8712	1
8720	1
8786	1
8831	1
8847	1
8923	1
9011	1
9044	1
9045	1
9048	1
9083	1
9181	1
9187	1
9211	1
9262	1
9360	1
9394	1
9402	1
9410	1
9427	1
9446	1
9459	1
9583	1
9595	1
9610	1
9645	1
9776	1
9835	1
9873	1
9880	1
9891	1
9906	1
9913	1
9920	1
9996	1
10159	1
10171	1
10270	1
10302	1
10311	1
10366	1
10372	1
10457	1
10523	1
10553	1
10643	1
10725	1
10794	1
10828	1
10845	1
10987	1
11095	1
11113	1
11120	1
11145	1
11147	1
11167	1
11168	1
11172	1
11177	1
11180	1
11194	1
11207	1
11231	1
11234	1
11235	1
11280	1
11326	1
11341	1
11390	1
11391	1
11428	1
11429	1
11474	1
11495	1
11549	1
11759	1
11760	1
11761	1
11783	1
11880	1
11945	1
11969	1
12124	1
12142	1
12148	1
12149	1
12213	1
12219	1
12228	1
12239	1
12302	1
12326	1
12338	1
12433	1
12531	1
12561	1
12624	1
12695	1
12760	1
12804	1
12946	1
12953	1
13007	1
13122	1
13213	1
13256	1
13283	1
13309	1
13336	1
13414	1
13446	1
13532	1
13533	1
13544	1
13560	1
13568	1
13575	1
13608	1
13639	1
13713	1
13813	1
14086	1
14115	1
14214	1
14230	1
14302	1
14610	1
14721	1
14742	1
14855	1
14921	1
15037	1
15073	1
15086	1
15089	1
15193	1
15236	1
15269	1
15273	1
15326	1
15537	1
15591	1
15868	1
15907	1
15957	1
15990	1
16165	1
16210	1
16297	1
16307	1
16322	1
16428	1
16443	1
16488	1
16585	1
16685	1
16758	1
16764	1
16766	1
16915	1
17213	1
17224	1
17246	1
17262	1
17374	1
17652	1
17726	1
17762	1
17931	1
18077	1
18097	1
18207	1
18232	1
18268	1
18297	1
18605	1
18730	1
18862	1
18972	1
19277	1
19342	1
19412	1
19420	1
19463	1
19653	1
20073	1
20095	1
20122	1
20175	1
20462	1
20490	1
20575	1
20658	1
20696	1
20713	1
20850	1
20936	1
20952	1
20955	1
20966	1
21014	1
21056	1
21067	1
21104	1
21126	1
21244	1
21280	1
21563	1
21601	1
21983	1
21995	1
22121	1
22271	1
22412	1
22414	1
22446	1
22453	1
22532	1
22535	1
22565	1
22620	1
22630	1
22665	1
22716	1
22743	1
22805	1
22812	1
22918	1
22960	1
23061	1
23088	1
23110	1
23112	1
23192	1
23254	1
23303	1
23338	1
23425	1
23426	1
23448	1
23572	1
23635	1
23973	1
23986	1
23999	1
24034	1
24056	1
24071	1
24077	1
24080	1
24223	1
24236	1
24334	1
24406	1
24474	1
24573	1
24744	1
24797	1
24798	1
24834	1
24861	1
24908	1
24952	1
24959	1
24968	1
24980	1
25133	1
25137	1
25176	1
25184	1
25227	1
25243	1
25270	1
25277	1
25359	1
25421	1
25460	1
25654	1
25727	1
25748	1
25781	1
25974	1
26029	1
26035	1
26062	1
26094	1
26130	1
26193	1
26222	1
26234	1
26281	1
26301	1
26385	1
26435	1
26502	1
26504	1
26528	1
26547	1
26605	1
26621	1
26687	1
26830	1
26941	1
27109	1
27143	1
27175	1
27285	1
27310	1
27441	1
27494	1
27496	1
27508	1
27522	1
27657	1
27708	1
27725	1
27764	1
27890	1
27967	1
28010	1
28024	1
28036	1
28087	1
28115	1
28120	1
28131	1
28221	1
28227	1
28239	1
28241	1
28260	1
28353	1
28395	1
28426	1
28613	1
28627	1
28701	1
28863	1
28886	1
28944	1
29419	1
29464	1
29530	1
29853	1
29854	1
29862	1
29976	1
30032	1
30139	1
30528	1
30681	1
30688	1
30701	1
30752	1
30806	1
30821	1
30970	1
31201	1
31266	1
31331	1
31339	1
31363	1
31365	1
31400	1
31458	1
31466	1
31495	1
31516	1
31528	1
31543	1
31560	1
31589	1
31655	1
31709	1
31747	1
31903	1
31924	1
31945	1
31965	1
32075	1
32077	1
32121	1
32125	1
32174	1
32197	1
32210	1
32213	1
32243	1
32248	1
32281	1
32315	1
32319	1
32323	1
32367	1
32390	1
32393	1
32398	1
32425	1
32454	1
32455	1
32475	1
32477	1
32482	1
32483	1
32498	1
32505	1
32526	1
32560	1
32634	1
32637	1
32659	1
32678	1
32689	1
32699	1
32700	1
32714	1
32729	1
32730	1
32736	1
32743	1
32749	1
32761	1
32778	1
32837	1
32858	1
32863	1
32919	1
32969	1
32996	1
33003	1
33015	1
33031	1
33032	1
33041	1
33050	1
33069	1
33072	1
33075	1
33106	1
33127	1
33141	1
33178	1
33197	1
33252	1
33260	1
33379	1
33391	1
33405	1
33414	1
33419	1
33422	1
33433	1
33504	1
33507	1
33524	1
33551	1
33563	1
33599	1
33697	1
33709	1
33747	1
33780	1
33786	1
33789	1
33791	1
33838	1
33952	1
33969	1
33983	1
33993	1
34021	1
34052	1
34059	1
34089	1
34107	1
34156	1
34159	1
34177	1
34179	1
34218	1
34234	1
34259	1
34270	1
34280	1
34282	1
34284	1
34286	1
34292	1
34299	1
34380	1
34393	1
34397	1
34399	1
34400	1
34461	1
34487	1
34523	1
34554	1
34556	1
34661	1
34679	1
34786	1
34864	1
34937	1
34967	1
35188	1
35203	1
35324	1
35474	1
35674	1
35754	1
35806	1
35836	1
35859	1
35861	1
35944	1
35988	1
36046	1
36181	1
36184	1
36185	1
36617	1
36622	1
36692	1
36984	1
36987	1
37474	1
37557	1
37559	1
37671	1
37680	1
37714	1
37724	1
37751	1
37807	1
37830	1
37873	1
37918	1
37998	1
38045	1
38124	1
38184	1
38295	1
38348	1
38623	1
38633	1
38636	1
38646	1
38892	1
39069	1
39145	1
39365	1
39478	1
39830	1
39983	1
40013	1
40019	1
40030	1
40139	1
40160	1
40257	1
40260	1
40286	1
40373	1
40375	1
40829	1
40916	1
41018	1
41040	1
41079	1
41104	1
41184	1
41264	1
41374	1
41386	1
41402	1
41425	1
41441	1
41472	1
41499	1
41533	1
41584	1
41633	1
41659	1
41755	1
41778	1
41837	1
41869	1
41875	1
41912	1
42426	1
42438	1
42571	1
42598	1
42705	1
42714	1
42784	1
42790	1
42960	1
43105	1
43106	1
43110	1
43174	1
43231	1
43440	1
43488	1
43539	1
43725	1
43836	1
43847	1
43849	1
43940	1
43946	1
44017	1
44022	1
44209	1
44231	1
44242	1
44243	1
44247	1
44274	1
44297	1
44298	1
44307	1
44313	1
44343	1
44394	1
44431	1
44459	1
44489	1
44560	1
44643	1
44717	1
44730	1
44751	1
44757	1
45140	1
45549	1
46225	1
46236	1
46238	1
46281	1
46460	1
46474	1
46622	1
46647	1
46719	1
46872	1
46904	1
47121	1
47148	1
47252	1
47512	1
47524	1
47586	1
47635	1
47707	1
47745	1
47784	1
47879	1
48136	1
48785	1
49290	1
49337	1
49341	1
49369	1
49401	1
49435	1
49606	1
49644	1
49837	1
49878	1
49892	1
49978	1
50069	1
50339	1
50397	1
50412	1
50425	1
50437	1
50439	1
50443	1
50609	1
51206	1
51214	1
51220	1
51249	1
51290	1
51539	1
51793	1
51898	1
52147	1
52253	1
52566	1
52689	1
52697	1
52731	1
52840	1
52859	1
52877	1
52880	1
53099	1
53182	1
53209	1
53247	1
53262	1
53503	1
53512	1
53516	1
53534	1
53653	1
53720	1
54185	1
54219	1
55124	1
55135	1
55372	1
55438	1
55476	1
55567	1
55650	1
55928	1
55960	1
55976	1
56280	1
56283	1
56443	1
56444	1
56451	1
56457	1
57007	1
57199	1
57339	1
57742	1
58000	1
58868	1
58886	1
58909	1
58976	1
59011	1
59237	1
59297	1
59640	1
59745	1
59894	1
59914	1
60054	1
60502	1
60544	1
60817	1
60836	1
61373	1
61509	1
62259	1
62351	1
62412	1
62495	1
62776	1
62779	1
62916	1
62958	1
63352	1
63529	1
63533	1
63734	1
63786	1
64251	1
64264	1
64284	1
64519	1
64522	1
64545	1
64733	1
64859	1
64901	1
65026	1
65159	1
65172	1
65181	1
65189	1
65271	1
65463	1
65584	1
65766	1
65782	1
65864	1
65933	1
66032	1
66297	1
66398	1
66490	1
66554	1
66603	1
66616	1
66732	1
66974	1
66984	1
67202	1
67209	1
67296	1
67465	1
67572	1
67672	1
67818	1
67968	1
68081	1
68300	1
68347	1
68413	1
68424	1
68453	1
68551	1
68916	1
68920	1
69103	1
69116	1
69148	1
69162	1
69291	1
69515	1
69612	1
69677	1
69772	1
69780	1
69798	1
69881	1
70267	1
70385	1
70524	1
70787	1
70920	1
71140	1
71146	1
71159	1
71177	1
71213	1
71233	1
71524	1
71986	1
72009	1
72071	1
72124	1
72751	1
72782	1
72804	1
72809	1
72860	1
72957	1
72969	1
73005	1
73028	1
73115	1
73137	1
73219	1
73253	1
73285	1
73291	1
73343	1
73435	1
73578	1
73601	1
73621	1
74171	1
74229	1
74319	1
74482	1
74559	1
74608	1
74632	1
74841	1
74872	1
75277	1
75900	1
75927	1
76045	1
76342	1
76360	1
76415	1
76646	1
76661	1
76731	1
77205	1
77538	1
77571	1
77871	1
77916	1
77921	1
77922	1
78023	1
78086	1
78307	1
78313	1
78408	1
78480	1
78664	1
78821	1
78976	1
79029	1
79219	1
79251	1
79446	1
79493	1
79507	1
79578	1
80011	1
80406	1
80474	1
80531	1
80645	1
80757	1
80787	1
80936	1
80938	1
81204	1
81213	1
81214	1
81226	1
81299	1
81325	1
81443	1
81473	1
81496	1
81650	1
81861	1
82273	1
82472	1
82717	1
82965	1
83089	1
83144	1
83231	1
83309	1
83441	1
83457	1
83616	1
83621	1
83641	1
83650	1
83685	1
83687	1
84191	1
84250	1
84328	1
84536	1
84572	1
84573	1
84615	1
84981	1
85211	1
85483	1
85961	1
85978	1
86452	1
86573	1
88213	1
88296	1
88418	1
88420	1
88443	1
88444	1
88597	1
89183	1
89264	1
89675	1
90116	1
90273	1
90304	1
90459	1
90584	1
90623	1
90861	1
90902	1
90984	1
91047	1
91304	1
91370	1
92216	1
92237	1
92613	1
93008	1
93600	1
94007	1
94362	1
94649	1
95046	1
95478	1
95660	1
96242	1
96910	1
97375	1
97378	1
98338	1
98378	1
98606	1
98858	1
98868	1
99140	1
99602	1
99603	1
99665	1
99745	1
99974	1
100226	1
100397	1
100566	1
100922	1
101140	1
101499	1
101626	1
101820	1
102007	1
103190	1
103276	1
103684	1
103779	1
104049	1
104783	1
104974	1
106443	1
106477	1
106638	1
107343	1
107854	1
108451	1
108651	1
108994	1
109290	1
109323	1
109831	1
110165	1
110214	1
110400	1
110527	1
110542	1
110590	1
110711	1
110993	1
111609	1
111767	1
112062	1
112161	1
112174	1
112748	1
113041	1
113535	1
113595	1
113664	1
113806	1
113983	1
114058	1
114143	1
114407	1
114606	1
114671	1
114877	1
114957	1
115115	1
115698	1
116160	1
116702	1
117972	1
118046	1
118170	1
118195	1
118310	1
118408	1
118672	1
118796	1
118874	1
119016	1
119113	1
119359	1
119426	1
119482	1
119680	1
119685	1
119800	1
119829	1
120017	1
120047	1
120098	1
120363	1
120407	1
120431	1
120600	1
120731	1
120911	1
120929	1
121038	1
121060	1
121300	1
121443	1
123145	1
123294	1
123581	1
123582	1
123673	1
123868	1
124045	1
124347	1
124420	1
124452	1
124556	1
124645	1
124793	1
124923	1
125073	1
125167	1
125350	1
125360	1
125711	1
125904	1
126357	1
126478	1
126694	1
126718	1
126921	1
126933	1
127094	1
127158	1
127166	1
127252	1
127284	1
127712	1
127956	1
128547	1
128712	1
128808	1
128920	1
128928	1
129124	1
130152	1
130307	1
131828	1
132898	1
133103	1
133240	1
133653	1
134421	1
134644	1
135958	1
135978	1
137385	1
137392	1
137435	1
137965	1
137987	1
138143	1
138151	1
138305	1
138674	1
138987	1
139341	1
139809	1
141183	1
141196	1
141242	1
141813	1
142060	1
142474	1
142939	1
143035	1
143226	1
143451	1
143660	1
145514	1
145587	1
147925	1
148475	1
149301	1
149328	1
149837	1
151334	1
151371	1
151460	1
151965	1
152427	1
152982	1
153295	1
153397	1
153476	1
153835	1
154249	1
154353	1
154355	1
154678	1
154690	1
155417	1
155432	1
155496	1
155814	1
157216	1
157757	1
157774	1
157900	1
157987	1
158132	1
158808	1
159119	1
159536	1
159830	1
160088	1
160201	1
162086	1
162363	1
163484	1
166731	1
166872	1
167105	1
167362	1
168491	1
170007	1
171553	1
175669	1
175869	1
176139	1
176525	1
176597	1
177948	1
178418	1
178808	1
179421	1
180744	1
180923	1
182216	1
183163	1
184429	1
188853	1
189190	1
189443	1
189803	1
193652	1
193794	1
193852	1
193899	1
194104	1
195684	1
628	2
698	2
966	2
1049	2
1082	2
1187	2
1281	2
1441	2
1463	2
1540	2
1612	2
1637	2
1853	2
1870	2
1882	2
1936	2
1971	2
2165	2
2367	2
2405	2
2601	2
3237	2
6255	2
6595	2
6622	2
6736	2
6759	2
6898	2
6965	2
7027	2
7033	2
7101	2
7845	2
8431	2
10020	2
10051	2
10055	2
10071	2
10081	2
10099	2
10146	2
10594	2
10679	2
10696	2
10886	2
10890	2
10895	2
10925	2
10970	2
11327	2
11543	2
11802	2
12355	2
12554	2
12673	2
12763	2
12813	2
12875	2
12921	2
13010	2
13884	2
13938	2
14113	2
14155	2
14161	2
14255	2
14264	2
14313	2
14371	2
14471	2
14714	2
14785	2
14911	2
15015	2
15097	2
15353	2
15429	2
15590	2
15728	2
15739	2
15762	2
15787	2
15835	2
15940	2
15943	2
15960	2
16066	2
16116	2
16140	2
16177	2
16304	2
16372	2
16400	2
16463	2
16632	2
16772	2
16804	2
16825	2
16959	2
16992	2
17031	2
17128	2
17168	2
17264	2
17329	2
17449	2
17486	2
17557	2
17562	2
17563	2
17665	2
17841	2
17892	2
17981	2
18112	2
18146	2
18179	2
18238	2
18381	2
18457	2
18679	2
18804	2
19067	2
19144	2
19479	2
19488	2
19494	2
19609	2
19686	2
19885	2
20200	2
20328	2
20391	2
20735	2
20756	2
20792	2
20899	2
20927	2
20985	2
21000	2
21172	2
21230	2
21315	2
21506	2
21527	2
21536	2
21673	2
21810	2
23691	2
23714	2
24486	2
24526	2
24545	2
24836	2
24990	2
25003	2
25019	2
25050	2
25071	2
25086	2
25104	2
25143	2
25144	2
25301	2
25361	2
25745	2
26095	2
26366	2
26641	2
27037	2
27236	2
27456	2
27587	2
27619	2
27673	2
29043	2
29430	2
29467	2
29484	2
30058	2
30146	2
30347	2
30792	2
31913	2
32022	2
32208	2
33350	2
33809	2
34625	2
34745	2
37248	2
37421	2
37950	2
38463	2
38464	2
38467	2
38551	2
38571	2
38732	2
38743	2
38751	2
38867	2
38871	2
38903	2
39081	2
39161	2
39202	2
39212	2
39218	2
39303	2
39543	2
39598	2
39617	2
39744	2
39921	2
40052	2
40056	2
40060	2
40062	2
40072	2
40125	2
40308	2
40329	2
40550	2
40677	2
40678	2
40749	2
40817	2
41593	2
41718	2
41943	2
41951	2
41952	2
42000	2
42008	2
42013	2
42054	2
42184	2
42185	2
42276	2
42320	2
42377	2
42449	2
42713	2
42751	2
42753	2
42770	2
42785	2
43114	2
43279	2
43360	2
43641	2
43654	2
43660	2
43803	2
44120	2
44164	2
44579	2
44952	2
44968	2
45020	2
45168	2
45209	2
45375	2
45559	2
45779	2
45922	2
45943	2
46128	2
46194	2
46291	2
46381	2
46384	2
46486	2
46669	2
46672	2
46741	2
46862	2
46942	2
47084	2
47212	2
47659	2
47752	2
47789	2
47905	2
47974	2
48287	2
48288	2
48527	2
48610	2
49032	2
49104	2
49110	2
49181	2
49339	2
49453	2
49462	2
49901	2
49954	2
49966	2
49996	2
50002	2
50038	2
50062	2
50139	2
50720	2
51746	2
51842	2
52106	2
52360	2
52605	2
52813	2
53111	2
53286	2
53780	2
53786	2
53821	2
53913	2
53943	2
53947	2
53973	2
54003	2
54023	2
54226	2
54439	2
54576	2
54644	2
54718	2
54744	2
54748	2
54820	2
54828	2
54840	2
54862	2
54879	2
54885	2
54886	2
54921	2
54971	2
55043	2
55257	2
55644	2
55680	2
55691	2
55718	2
55733	2
55806	2
55811	2
55831	2
55857	2
56316	2
56354	2
56398	2
56399	2
56434	2
56497	2
56602	2
56609	2
56650	2
56732	2
56775	2
56782	2
56813	2
56832	2
57156	2
57184	2
57983	2
58377	2
58540	2
58543	2
58729	2
58947	2
59140	2
59429	2
59461	2
59537	2
59583	2
59698	2
59768	2
59943	2
60266	2
60605	2
60607	2
60626	2
60712	2
60754	2
60883	2
60976	2
61049	2
61294	2
61303	2
61320	2
61328	2
61394	2
61850	2
61892	2
61910	2
61914	2
61925	2
61954	2
62026	2
62986	2
63238	2
63791	2
63827	2
64032	2
64035	2
64361	2
64988	2
65737	2
65740	2
68067	2
68361	2
69216	2
69804	2
70764	2
70863	2
71007	2
71827	2
72208	2
72354	2
72894	2
72992	2
73518	2
73618	2
74248	2
75336	2
75763	2
76651	2
77704	2
79400	2
79814	2
79971	2
79978	2
80187	2
80189	2
80306	2
80350	2
80375	2
80812	2
81468	2
82519	2
82691	2
85797	2
86803	2
87000	2
87092	2
87140	2
87178	2
87190	2
87197	2
87260	2
87385	2
87387	2
87424	2
87459	2
87534	2
87547	2
87561	2
87577	2
87719	2
87747	2
88010	2
88709	2
88934	2
88948	2
89035	2
89342	2
89426	2
89527	2
89533	2
89572	2
89595	2
89598	2
89695	2
89710	2
89743	2
89750	2
89842	2
89869	2
90377	2
90378	2
90403	2
91155	2
92068	2
92303	2
93005	2
93015	2
93269	2
93271	2
93351	2
93477	2
93660	2
93746	2
93747	2
93839	2
93853	2
93877	2
94462	2
94638	2
94976	2
95081	2
95743	2
95919	2
96011	2
96045	2
96183	2
96270	2
96876	2
96892	2
96946	2
96962	2
96975	2
96995	2
97050	2
97151	2
97320	2
97331	2
97454	2
97811	2
97924	2
97983	2
97996	2
98005	2
98096	2
98132	2
98136	2
98172	2
98636	2
98650	2
98743	2
98745	2
98813	2
99219	2
99534	2
99606	2
99804	2
99894	2
99900	2
100001	2
100016	2
100136	2
100381	2
100459	2
100529	2
100608	2
100664	2
100773	2
100775	2
101255	2
101339	2
101444	2
101632	2
101640	2
101826	2
102204	2
102255	2
102447	2
102454	2
102746	2
102796	2
102843	2
102883	2
103007	2
103008	2
103082	2
103383	2
103385	2
103445	2
103467	2
103470	2
103475	2
103481	2
103497	2
103517	2
103826	2
104092	2
104164	2
104206	2
104257	2
104298	2
104613	2
104684	2
104785	2
104799	2
105400	2
105615	2
105981	2
106002	2
106081	2
106528	2
106670	2
106888	2
106889	2
106925	2
107136	2
107235	2
107371	2
107546	2
107626	2
107755	2
107814	2
107912	2
107934	2
108249	2
108541	2
108604	2
108609	2
108826	2
109256	2
109797	2
110079	2
110352	2
110446	2
111041	2
111247	2
111351	2
111356	2
111415	2
111585	2
111685	2
111785	2
111838	2
111851	2
111930	2
112079	2
112096	2
112121	2
112338	2
112698	2
112740	2
112927	2
113049	2
113181	2
113223	2
113240	2
113261	2
113299	2
113773	2
114259	2
114440	2
115015	2
115393	2
115711	2
115735	2
115763	2
115797	2
116226	2
116453	2
117091	2
117162	2
117295	2
117320	2
117396	2
117870	2
118831	2
120108	2
120319	2
120612	2
120726	2
121143	2
121154	2
121454	2
121468	2
121999	2
122907	2
123354	2
126737	2
128152	2
128460	2
128683	2
129408	2
129561	2
129755	2
129903	2
130237	2
130558	2
130676	2
130782	2
130942	2
130990	2
131253	2
131679	2
131906	2
131916	2
131967	2
132070	2
132127	2
132180	2
132218	2
132230	2
132285	2
132304	2
132320	2
132583	2
132604	2
132750	2
132909	2
133633	2
133754	2
133998	2
134076	2
135124	2
135609	2
135784	2
135831	2
136028	2
136157	2
136168	2
136203	2
136208	2
136777	2
136875	2
136880	2
137513	2
137631	2
137718	2
138295	2
138392	2
138433	2
138471	2
138817	2
138858	2
138991	2
139008	2
139384	2
139535	2
139584	2
139802	2
139852	2
139868	2
139905	2
140047	2
140191	2
140237	2
140245	2
140333	2
140376	2
140516	2
140772	2
141190	2
141222	2
141372	2
141696	2
142729	2
142814	2
142823	2
143280	2
143382	2
143467	2
143471	2
143684	2
144491	2
144949	2
145037	2
145152	2
145196	2
145288	2
145320	2
145710	2
146423	2
146775	2
146781	2
146819	2
146839	2
146855	2
146856	2
147306	2
147332	2
147333	2
147372	2
147423	2
147605	2
147733	2
147974	2
147986	2
148203	2
148244	2
148452	2
148578	2
148845	2
148984	2
149488	2
149489	2
149679	2
149700	2
149724	2
150220	2
150284	2
150926	2
151090	2
151541	2
151898	2
152181	2
152197	2
152414	2
152471	2
152500	2
152602	2
152643	2
153023	2
153041	2
153096	2
153498	2
153763	2
153885	2
155631	2
156904	2
156906	2
157258	2
157794	2
158007	2
159203	2
159480	2
160633	2
161022	2
161593	2
161793	2
162063	2
163441	2
163930	2
163942	2
164042	2
164272	2
164364	2
165630	2
165645	2
165745	2
165808	2
165886	2
165917	2
166216	2
166300	2
166981	2
167112	2
167803	2
167887	2
168412	2
168822	2
169946	2
170637	2
171329	2
172355	2
173423	2
173780	2
173875	2
174113	2
174646	2
174995	2
176250	2
176312	2
176314	2
177026	2
177451	2
178493	2
178575	2
178602	2
178911	2
179050	2
179065	2
179089	2
179652	2
180085	2
180518	2
183386	2
183400	2
183872	2
184267	2
184287	2
185958	2
186605	2
186954	2
187906	2
188060	2
188173	2
188190	2
189484	2
189974	2
190090	2
192097	2
